1.0594873 0.2006326 0.1742414 -0.1044455 0.1445172 0.1757189 0.1748810 0.1677978 0.1764150 0.1974706 0.1582433 0.1523814 0.1597959 0.1824099 0.1580750 0.1653700 0.1366010 0.1518214 0.1680150 0.1960181 0.1658985 0.1512088 0.1571367 0.1569050 0.1530374 0.1662143 0.1677185 0.1685399 0.1634078 0.1684063 0.1520916 0.1704864 0.1735091 0.1152256 0.1614421 0.1702355 0.1829910 -0.2532772 -0.2548666 -0.2511773 -0.2535728 -0.2585059 -0.2586674 -0.2559414 -0.2534422 -0.2550469 -0.2533694 -0.2533169 -0.2501330 -0.2498641 -0.2522134 -0.2505347 -0.2555006 -0.2554020 -0.2576432 -0.2597616 0.1469493 -0.1032878 0.1637844 0.1581887 -0.2532353 0.1489579 0.1448484 0.1781378 -0.2476252
0.2006326 1.1286272 0.1972766 -0.1184346 0.1591152 0.2000281 0.2000161 0.1775826 0.1855695 0.2170078 0.1783602 0.1688349 0.1782970 0.2106271 0.1748551 0.1874353 0.1481138 0.1683989 0.1871000 0.2388213 0.1900659 0.1648099 0.1713935 0.1719504 0.1676424 0.1860905 0.1916761 0.1887110 0.1822224 0.1903367 0.1663490 0.1956297 0.1980865 0.1507841 0.1812613 0.1955003 0.2110051 -0.2798061 -0.2829991 -0.2805206 -0.2792051 -0.2875957 -0.2906222 -0.2856888 -0.2816887 -0.2801608 -0.2771293 -0.2780717 -0.2726188 -0.2772685 -0.2808712 -0.2792276 -0.2872853 -0.2901442 -0.2884676 -0.2908533 0.1612923 -0.1184231 0.1846409 0.1752276 -0.2885079 0.1632288 0.1573278 0.2052364 -0.2698921
0.1742414 0.1972766 1.0388293 -0.1020368 0.1435036 0.1732140 0.1723343 0.1574308 0.1641198 0.1823719 0.1579998 0.1516151 0.1597757 0.1809854 0.1566174 0.1631951 0.1343978 0.1500958 0.1647571 0.1927730 0.1653745 0.1495374 0.1541084 0.1538815 0.1506295 0.1624080 0.1661322 0.1665783 0.1615477 0.1667357 0.1498290 0.1679847 0.1717949 0.1147773 0.1594712 0.1694287 0.1809058 -0.2490755 -0.2504023 -0.2473321 -0.2490448 -0.2541308 -0.2538015 -0.2524406 -0.2491878 -0.2492688 -0.2493696 -0.2498337 -0.2462586 -0.2463783 -0.2478324 -0.2478201 -0.2502263 -0.2504110 -0.2524754 -0.2554915 0.1456450 -0.1016387 0.1614153 0.1561216 -0.2482885 0.1477838 0.1429509 0.1753098 -0.2428797
-0.1044455 -0.1184346 -0.1020368 1.1789728 -0.0849932 -0.1036900 -0.1025402 -0.0952880 -0.0990420 -0.1113423 -0.0938793 -0.0897153 -0.0943041 -0.1066074 -0.0932747 -0.0984311 -0.0805395 -0.0892470 -0.0982130 -0.1164135 -0.0984858 -0.0889138 -0.0919335 -0.0921972 -0.0904125 -0.0972838 -0.0999810 -0.0988035 -0.0963151 -0.0996915 -0.0892622 -0.1007694 -0.1022922 -0.0560200 -0.0969660 -0.1011192 -0.1072325 0.1257306 0.1266944 0.1259546 0.1247999 0.1285132 0.1346761 0.1295757 0.1271126 0.1258185 0.1253552 0.1249706 0.1207055 0.1275598 0.1272998 0.1281185 0.1328599 0.1345840 0.1305912 0.1312109 -0.0859906 0.1020477 -0.0949533 -0.0936417 0.1333114 -0.0867898 -0.0849470 -0.1048163 0.1230947
0.1445172 0.1591152 0.1435036 -0.0849932 0.9853129 0.1461062 0.1442665 0.1354006 0.1389969 0.1517131 0.1350199 0.1309239 0.1361665 0.1488820 0.1335767 0.1387634 0.1176164 0.1289602 0.1402788 0.1571690 0.1405321 0.1303832 0.1324881 0.1321345 0.1300441 0.1387430 0.1411597 0.1408373 0.1384066 0.1415175 0.1295235 0.1431369 0.1438557 0.0892175 0.1385528 0.1435916 0.1499674 -0.2145688 -0.2144044 -0.2114656 -0.2154340 -0.2191629 -0.2155127 -0.2166780 -0.2129188 -0.2150732 -0.2158499 -0.2140842 -0.2141438 -0.2108805 -0.2117277 -0.2117900 -0.2129592 -0.2088442 -0.2161344 -0.2183183 0.1269936 -0.0841904 0.1377903 0.1340169 -0.2071814 0.1276934 0.1248941 0.1473631 -0.2108863
0.1757189 0.2000281 0.1732140 -0.1036900 0.1461062 1.0610821 0.1761348 0.1598618 0.1653167 0.1845074 0.1600520 0.1524496 0.1609795 0.1821918 0.1588696 0.1662583 0.1354054 0.1519259 0.1680485 0.1990604 0.1702282 0.1517638 0.1555052 0.1577413 0.1527887 0.1660581 0.1728693 0.1691831 0.1651082 0.1702815 0.1515333 0.1732455 0.1751834 0.1176107 0.1637411 0.1735268 0.1849645 -0.2531215 -0.2547158 -0.2511331 -0.2536995 -0.2594462 -0.2587962 -0.2567908 -0.2526797 -0.2537633 -0.2536855 -0.2534382 -0.2504559 -0.2501045 -0.2522714 -0.2517826 -0.2559141 -0.2555344 -0.2584807 -0.2600765 0.1487685 -0.1041117 0.1629069 0.1585561 -0.2532648 0.1496657 0.1454473 0.1789023 -0.2466849
0.1748810 0.2000161 0.1723343 -0.1025402 0.1442665 0.1761348 1.0463321 0.1573914 0.1643364 0.1848204 0.1578363 0.1525606 0.1581456 0.1811952 0.1553170 0.1657699 0.1356985 0.1506963 0.1654450 0.1961086 0.1678562 0.1504023 0.1553465 0.1554747 0.1509471 0.1643476 0.1674531 0.1666973 0.1615159 0.1683417 0.1503161 0.1707344 0.1729815 0.1158769 0.1621736 0.1700467 0.1803353 -0.2500393 -0.2518478 -0.2483893 -0.2513849 -0.2564485 -0.2560925 -0.2535850 -0.2501875 -0.2519304 -0.2508686 -0.2504540 -0.2484191 -0.2469887 -0.2491888 -0.2486874 -0.2528308 -0.2523709 -0.2559644 -0.2576092 0.1463768 -0.1004381 0.1614645 0.1568860 -0.2502910 0.1474171 0.1422428 0.1778783 -0.2450772
0.1677978 0.1775826 0.1574308 -0.0952880 0.1354006 0.1598618 0.1573914 1.0173494 0.1601791 0.1783994 0.1465687 0.1421167 0.1481529 0.1634144 0.1460309 0.1521600 0.1278721 0.1412963 0.1536780 0.1761535 0.1541179 0.1399575 0.1457926 0.1442724 0.1414158 0.1512593 0.1535282 0.1535186 0.1511202 0.1543470 0.1414365 0.1566600 0.1566871 0.0993094 0.1498616 0.1553963 0.1652197 -0.2343308 -0.2344737 -0.2313717 -0.2348048 -0.2385401 -0.2366438 -0.2372896 -0.2339868 -0.2352041 -0.2357761 -0.2342896 -0.2327620 -0.2317146 -0.2324631 -0.2318467 -0.2344226 -0.2323239 -0.2368195 -0.2389583 0.1375645 -0.0940596 0.1507069 0.1468450 -0.2301365 0.1392534 0.1351430 0.1617040 -0.2292716
0.1764150 0.1855695 0.1641198 -0.0990420 0.1389969 0.1653167 0.1643364 0.1601791 1.0226794 0.1858891 0.1514025 0.1470299 0.1537581 0.1707465 0.1505303 0.1572699 0.1308484 0.1450999 0.1583319 0.1831493 0.1582511 0.1436805 0.1492551 0.1485175 0.1468474 0.1567551 0.1609633 0.1590461 0.1560820 0.1599720 0.1451251 0.1620818 0.1627561 0.1060581 0.1548579 0.1611971 0.1706981 -0.2412271 -0.2420021 -0.2390914 -0.2421867 -0.2461489 -0.2449932 -0.2435825 -0.2409787 -0.2422261 -0.2428822 -0.2405662 -0.2394296 -0.2375067 -0.2390988 -0.2384919 -0.2412446 -0.2402280 -0.2445123 -0.2473030 0.1415081 -0.0968707 0.1550500 0.1502633 -0.2378252 0.1421698 0.1382987 0.1678925 -0.2360525
0.1974706 0.2170078 0.1823719 -0.1113423 0.1517131 0.1845074 0.1848204 0.1783994 0.1858891 1.1036551 0.1660847 0.1600636 0.1678608 0.1932623 0.1658679 0.1746871 0.1408737 0.1577473 0.1749462 0.2094761 0.1762102 0.1563460 0.1632679 0.1633327 0.1605278 0.1730521 0.1783634 0.1738302 0.1708537 0.1772106 0.1582925 0.1790902 0.1816837 0.1278882 0.1689701 0.1775517 0.1953288 -0.2658702 -0.2669001 -0.2641167 -0.2653677 -0.2709227 -0.2731815 -0.2696954 -0.2657412 -0.2657498 -0.2644297 -0.2640351 -0.2611824 -0.2617598 -0.2644871 -0.2642000 -0.2686359 -0.2704696 -0.2698404 -0.2741997 0.1519552 -0.1101770 0.1714438 0.1672335 -0.2680933 0.1553050 0.1503347 0.1907421 -0.2577696
0.1582433 0.1783602 0.1579998 -0.0938793 0.1350199 0.1600520 0.1578363 0.1465687 0.1514025 0.1660847 1.0065358 0.1415375 0.1478120 0.1628761 0.1448020 0.1510411 0.1270480 0.1395914 0.1516131 0.1749866 0.1523286 0.1398851 0.1429793 0.1435479 0.1400568 0.1505381 0.1543468 0.1530114 0.1496991 0.1543838 0.1383361 0.1570749 0.1564794 0.0996387 0.1478584 0.1547220 0.1648119 -0.2312098 -0.2321348 -0.2290961 -0.2326881 -0.2362543 -0.2344388 -0.2338476 -0.2309673 -0.2319686 -0.2326064 -0.2320680 -0.2309407 -0.2274362 -0.2294103 -0.2296154 -0.2313796 -0.2289811 -0.2341954 -0.2365726 0.1365816 -0.0931650 0.1493001 0.1449972 -0.2270888 0.1376093 0.1341016 0.1611602 -0.2265843
0.1523814 0.1688349 0.1516151 -0.0897153 0.1309239 0.1524496 0.1525606 0.1421167 0.1470299 0.1600636 0.1415375 0.9945058 0.1430527 0.1586162 0.1405980 0.1463248 0.1233617 0.1354014 0.1473892 0.1657429 0.1468775 0.1347917 0.1390509 0.1392621 0.1354376 0.1453938 0.1491379 0.1473027 0.1441524 0.1481686 0.1358083 0.1495134 0.1507626 0.0939879 0.1443143 0.1487434 0.1579306 -0.2242994 -0.2244544 -0.2218262 -0.2252977 -0.2285159 -0.2265608 -0.2265760 -0.2235554 -0.2250449 -0.2257451 -0.2244532 -0.2245003 -0.2206670 -0.2228957 -0.2220055 -0.2234007 -0.2207693 -0.2261354 -0.2288494 0.1321624 -0.0886523 0.1449547 0.1391318 -0.2189984 0.1329711 0.1298882 0.1541788 -0.2198876
0.1597959 0.1782970 0.1597757 -0.0943041 0.1361665 0.1609795 0.1581456 0.1481529 0.1537581 0.1678608 0.1478120 0.1430527 1.0101936 0.1672985 0.1475465 0.1526202 0.1282874 0.1419079 0.1555895 0.1765234 0.1543049 0.1401491 0.1450049 0.1448485 0.1425378 0.1522268 0.1554345 0.1541001 0.1509779 0.1552505 0.1424324 0.1579290 0.1590354 0.1014775 0.1506532 0.1580155 0.1658068 -0.2341340 -0.2353771 -0.2320397 -0.2345851 -0.2393052 -0.2373362 -0.2373609 -0.2340560 -0.2347235 -0.2353906 -0.2348921 -0.2333774 -0.2310202 -0.2322267 -0.2316855 -0.2341267 -0.2320606 -0.2363818 -0.2389054 0.1389451 -0.0934081 0.1508334 0.1473345 -0.2302455 0.1395571 0.1357146 0.1623501 -0.2299862
0.1824099 0.2106271 0.1809854 -0.1066074 0.1488820 0.1821918 0.1811952 0.1634144 0.1707465 0.1932623 0.1628761 0.1586162 0.1672985 1.0762933 0.1646659 0.1709345 0.1381327 0.1554824 0.1719478 0.2063386 0.1733717 0.1545934 0.1604674 0.1597048 0.1547396 0.1702901 0.1747009 0.1709327 0.1681375 0.1736680 0.1538639 0.1768881 0.1787714 0.1249192 0.1668507 0.1777875 0.1896520 -0.2589270 -0.2612022 -0.2585365 -0.2592982 -0.2655973 -0.2659257 -0.2634974 -0.2584396 -0.2595761 -0.2591547 -0.2591902 -0.2559505 -0.2558842 -0.2578410 -0.2577013 -0.2624166 -0.2633128 -0.2648542 -0.2672888 0.1506277 -0.1064874 0.1681947 0.1634357 -0.2609525 0.1528047 0.1469073 0.1849730 -0.2533243
0.1580750 0.1748551 0.1566174 -0.0932747 0.1335767 0.1588696 0.1553170 0.1460309 0.1505303 0.1658679 0.1448020 0.1405980 0.1475465 0.1646659 0.9962997 0.1505482 0.1261678 0.1392772 0.1518974 0.1743183 0.1521626 0.1387185 0.1429745 0.1429190 0.1396783 0.1503831 0.1531201 0.1516530 0.1486944 0.1522623 0.1396157 0.1544946 0.1556298 0.0987800 0.1485027 0.1545914 0.1627647 -0.2295640 -0.2303627 -0.2274505 -0.2316321 -0.2353549 -0.2326849 -0.2327374 -0.2298360 -0.2314404 -0.2322989 -0.2306790 -0.2298317 -0.2274693 -0.2288036 -0.2274175 -0.2300813 -0.2274079 -0.2327078 -0.2348168 0.1359443 -0.0914124 0.1486504 0.1452081 -0.2253735 0.1369470 0.1341707 0.1601778 -0.2256987
0.1653700 0.1874353 0.1631951 -0.0984311 0.1387634 0.1662583 0.1657699 0.1521600 0.1572699 0.1746871 0.1510411 0.1463248 0.1526202 0.1709345 0.1505482 1.0231856 0.1314709 0.1459461 0.1574027 0.1842674 0.1589118 0.1440840 0.1475061 0.1481514 0.1446746 0.1583773 0.1607760 0.1586484 0.1543724 0.1597815 0.1450126 0.1620966 0.1629014 0.1057657 0.1547545 0.1621832 0.1721791 -0.2397168 -0.2404980 -0.2380036 -0.2410991 -0.2450407 -0.2437565 -0.2423187 -0.2394677 -0.2412496 -0.2409957 -0.2401781 -0.2389207 -0.2368449 -0.2394724 -0.2377654 -0.2410456 -0.2396542 -0.2435213 -0.2458692 0.1404864 -0.0976608 0.1547135 0.1507341 -0.2375877 0.1427251 0.1385195 0.1682716 -0.2348360
0.1366010 0.1481138 0.1343978 -0.0805395 0.1176164 0.1354054 0.1356985 0.1278721 0.1308484 0.1408737 0.1270480 0.1233617 0.1282874 0.1381327 0.1261678 0.1314709 0.9753802 0.1238972 0.1323342 0.1462675 0.1312001 0.1229682 0.1257922 0.1248485 0.1224023 0.1304138 0.1325019 0.1325220 0.1306384 0.1337348 0.1222510 0.1345882 0.1355600 0.0806329 0.1298331 0.1338998 0.1391010 -0.2029719 -0.2020492 -0.1995225 -0.2042112 -0.2061632 -0.2034483 -0.2042425 -0.2020802 -0.2041876 -0.2049230 -0.2032795 -0.2038556 -0.1993272 -0.2006659 -0.2001915 -0.2007907 -0.1967028 -0.2040751 -0.2060004 0.1206439 -0.0791702 0.1296232 0.1280507 -0.1946249 0.1212912 0.1180746 0.1376141 -0.1998964
0.1518214 0.1683989 0.1500958 -0.0892470 0.1289602 0.1519259 0.1506963 0.1412963 0.1450999 0.1577473 0.1395914 0.1354014 0.1419079 0.1554824 0.1392772 0.1459461 0.1238972 0.9903882 0.1461691 0.1659990 0.1461912 0.1342936 0.1383235 0.1380072 0.1344506 0.1449170 0.1475696 0.1467846 0.1439797 0.1481279 0.1353007 0.1488865 0.1510090 0.0931142 0.1438476 0.1493152 0.1573060 -0.2228832 -0.2222918 -0.2198464 -0.2242922 -0.2271121 -0.2242556 -0.2249693 -0.2224997 -0.2239091 -0.2254592 -0.2238056 -0.2222725 -0.2198320 -0.2210525 -0.2206288 -0.2223248 -0.2188804 -0.2248831 -0.2271953 0.1314370 -0.0869866 0.1431674 0.1403104 -0.2173210 0.1332402 0.1299321 0.1536729 -0.2190416
0.1680150 0.1871000 0.1647571 -0.0982130 0.1402788 0.1680485 0.1654450 0.1536780 0.1583319 0.1749462 0.1516131 0.1473892 0.1555895 0.1719478 0.1518974 0.1574027 0.1323342 0.1461691 1.0237222 0.1850408 0.1598559 0.1459626 0.1490205 0.1501228 0.1475109 0.1574587 0.1607863 0.1593031 0.1568973 0.1618330 0.1467357 0.1638421 0.1652441 0.1067518 0.1559273 0.1644447 0.1737278 -0.2414411 -0.2421863 -0.2396118 -0.2418967 -0.2478604 -0.2454962 -0.2455085 -0.2418248 -0.2431261 -0.2433307 -0.2426509 -0.2400125 -0.2393689 -0.2403997 -0.2397534 -0.2427270 -0.2409794 -0.2453489 -0.2471554 0.1429478 -0.0970036 0.1561058 0.1523055 -0.2391199 0.1435473 0.1393959 0.1690110 -0.2365169
0.1960181 0.2388213 0.1927730 -0.1164135 0.1571690 0.1990604 0.1961086 0.1761535 0.1831493 0.2094761 0.1749866 0.1657429 0.1765234 0.2063386 0.1743183 0.1842674 0.1462675 0.1659990 0.1850408 1.1509842 0.1872498 0.1636901 0.1704825 0.1691687 0.1665801 0.1818012 0.1907399 0.1872785 0.1789435 0.1879447 0.1651617 0.1923895 0.1938888 0.1449397 0.1805332 0.1928892 0.2068273 -0.2775014 -0.2804445 -0.2774777 -0.2770775 -0.2849031 -0.2870230 -0.2836928 -0.2784373 -0.2785446 -0.2760289 -0.2766269 -0.2701670 -0.2751101 -0.2774984 -0.2774629 -0.2837875 -0.2866388 -0.2841069 -0.2876392 0.1599141 -0.1164432 0.1796719 0.1735770 -0.2845491 0.1629093 0.1571861 0.2019207 -0.2693155
0.1658985 0.1900659 0.1653745 -0.0984858 0.1405321 0.1702282 0.1678562 0.1541179 0.1582511 0.1762102 0.1523286 0.1468775 0.1543049 0.1733717 0.1521626 0.1589118 0.1312001 0.1461912 0.1598559 0.1872498 1.0291333 0.1472439 0.1511151 0.1512865 0.1466862 0.1592000 0.1626600 0.1607815 0.1584927 0.1642285 0.1472334 0.1642383 0.1662806 0.1078473 0.1571493 0.1664413 0.1756951 -0.2431283 -0.2438522 -0.2406400 -0.2435986 -0.2485553 -0.2473200 -0.2467290 -0.2431220 -0.2439006 -0.2442700 -0.2436500 -0.2407435 -0.2397696 -0.2416741 -0.2412509 -0.2445812 -0.2425250 -0.2464156 -0.2495254 0.1434213 -0.0971818 0.1565160 0.1520830 -0.2406266 0.1447098 0.1401301 0.1708293 -0.2388584
0.1512088 0.1648099 0.1495374 -0.0889138 0.1303832 0.1517638 0.1504023 0.1399575 0.1436805 0.1563460 0.1398851 0.1347917 0.1401491 0.1545934 0.1387185 0.1440840 0.1229682 0.1342936 0.1459626 0.1636901 0.1472439 1.0004259 0.1388963 0.1380531 0.1341372 0.1444095 0.1451805 0.1471778 0.1452828 0.1485893 0.1348065 0.1497261 0.1496123 0.0933758 0.1441988 0.1498259 0.1552989 -0.2227433 -0.2221664 -0.2194643 -0.2241010 -0.2267865 -0.2244770 -0.2247793 -0.2217851 -0.2232488 -0.2244702 -0.2230616 -0.2236719 -0.2193169 -0.2202187 -0.2200891 -0.2214822 -0.2174676 -0.2249379 -0.2270575 0.1318377 -0.0874166 0.1428336 0.1398389 -0.2158718 0.1330581 0.1295682 0.1525954 -0.2192786
0.1571367 0.1713935 0.1541084 -0.0919335 0.1324881 0.1555052 0.1553465 0.1457926 0.1492551 0.1632679 0.1429793 0.1390509 0.1450049 0.1604674 0.1429745 0.1475061 0.1257922 0.1383235 0.1490205 0.1704825 0.1511151 0.1388963 1.0000463 0.1421080 0.1374241 0.1488253 0.1522882 0.1513183 0.1480146 0.1518008 0.1384102 0.1546417 0.1534884 0.0977918 0.1474254 0.1546111 0.1597171 -0.2286743 -0.2282307 -0.2258663 -0.2297462 -0.2331867 -0.2307332 -0.2312119 -0.2278768 -0.2295059 -0.2304521 -0.2289968 -0.2282937 -0.2252949 -0.2268555 -0.2263445 -0.2283796 -0.2252702 -0.2309960 -0.2327944 0.1353060 -0.0897793 0.1469713 0.1436791 -0.2231006 0.1359761 0.1334397 0.1585550 -0.2241976
0.1569050 0.1719504 0.1538815 -0.0921972 0.1321345 0.1577413 0.1554747 0.1442724 0.1485175 0.1633327 0.1435479 0.1392621 0.1448485 0.1597048 0.1429190 0.1481514 0.1248485 0.1380072 0.1501228 0.1691687 0.1512865 0.1380531 0.1421080 1.0039173 0.1391418 0.1481163 0.1508027 0.1501744 0.1489462 0.1516416 0.1384840 0.1533396 0.1540938 0.0968046 0.1475413 0.1540162 0.1608032 -0.2278126 -0.2284271 -0.2257237 -0.2290936 -0.2334460 -0.2312659 -0.2310593 -0.2280875 -0.2301573 -0.2305180 -0.2289244 -0.2279334 -0.2257679 -0.2266229 -0.2261246 -0.2279252 -0.2257842 -0.2309564 -0.2336007 0.1353526 -0.0898828 0.1468386 0.1428530 -0.2239809 0.1346530 0.1325361 0.1574774 -0.2237704
0.1530374 0.1676424 0.1506295 -0.0904125 0.1300441 0.1527887 0.1509471 0.1414158 0.1468474 0.1605278 0.1400568 0.1354376 0.1425378 0.1547396 0.1396783 0.1446746 0.1224023 0.1344506 0.1475109 0.1665801 0.1466862 0.1341372 0.1374241 0.1391418 0.9970654 0.1454524 0.1479065 0.1467393 0.1443893 0.1479457 0.1345925 0.1493818 0.1522448 0.0955076 0.1437244 0.1504715 0.1579359 -0.2233370 -0.2240790 -0.2212413 -0.2242801 -0.2284811 -0.2260832 -0.2261615 -0.2238158 -0.2246945 -0.2253104 -0.2237654 -0.2234940 -0.2205264 -0.2220058 -0.2208609 -0.2231116 -0.2204221 -0.2261172 -0.2279427 0.1326584 -0.0886284 0.1434824 0.1400996 -0.2188094 0.1324002 0.1298280 0.1554168 -0.2195941
0.1662143 0.1860905 0.1624080 -0.0972838 0.1387430 0.1660581 0.1643476 0.1512593 0.1567551 0.1730521 0.1505381 0.1453938 0.1522268 0.1702901 0.1503831 0.1583773 0.1304138 0.1449170 0.1574587 0.1818012 0.1592000 0.1444095 0.1488253 0.1481163 0.1454524 1.0197777 0.1602935 0.1593390 0.1554362 0.1600467 0.1440413 0.1627447 0.1631730 0.1067582 0.1560533 0.1653031 0.1697721 -0.2392252 -0.2400746 -0.2372739 -0.2409802 -0.2454167 -0.2437074 -0.2429939 -0.2400633 -0.2412193 -0.2413645 -0.2399981 -0.2388061 -0.2367149 -0.2380803 -0.2371218 -0.2406857 -0.2389245 -0.2435797 -0.2453725 0.1411885 -0.0962173 0.1550404 0.1498982 -0.2367973 0.1423510 0.1388203 0.1675536 -0.2353931
0.1677185 0.1916761 0.1661322 -0.0999810 0.1411597 0.1728693 0.1674531 0.1535282 0.1609633 0.1783634 0.1543468 0.1491379 0.1554345 0.1747009 0.1531201 0.1607760 0.1325019 0.1475696 0.1607863 0.1907399 0.1626600 0.1451805 0.1522882 0.1508027 0.1479065 0.1602935 1.0328507 0.1630670 0.1588370 0.1622335 0.1466660 0.1667482 0.1658607 0.1109692 0.1570322 0.1666362 0.1750365 -0.2442704 -0.2449099 -0.2433909 -0.2454119 -0.2502995 -0.2487300 -0.2478298 -0.2449336 -0.2461343 -0.2459264 -0.2447510 -0.2437257 -0.2411496 -0.2428520 -0.2418472 -0.2458918 -0.2449749 -0.2482252 -0.2503999 0.1439152 -0.0992356 0.1586052 0.1545510 -0.2425740 0.1455278 0.1413573 0.1733884 -0.2376677
0.1685399 0.1887110 0.1665783 -0.0988035 0.1408373 0.1691831 0.1666973 0.1535186 0.1590461 0.1738302 0.1530114 0.1473027 0.1541001 0.1709327 0.1516530 0.1586484 0.1325220 0.1467846 0.1593031 0.1872785 0.1607815 0.1471778 0.1513183 0.1501744 0.1467393 0.1593390 0.1630670 1.0269685 0.1576504 0.1625975 0.1453592 0.1653247 0.1666834 0.1070901 0.1560535 0.1644334 0.1740075 -0.2432662 -0.2431143 -0.2403156 -0.2428690 -0.2481992 -0.2467593 -0.2458631 -0.2420613 -0.2435158 -0.2435320 -0.2429475 -0.2414854 -0.2396451 -0.2412128 -0.2409079 -0.2435697 -0.2417794 -0.2458308 -0.2484901 0.1435317 -0.0983358 0.1573343 0.1521508 -0.2403785 0.1448753 0.1407211 0.1700461 -0.2380085
0.1634078 0.1822224 0.1615477 -0.0963151 0.1384066 0.1651082 0.1615159 0.1511202 0.1560820 0.1708537 0.1496991 0.1441524 0.1509779 0.1681375 0.1486944 0.1543724 0.1306384 0.1439797 0.1568973 0.1789435 0.1584927 0.1452828 0.1480146 0.1489462 0.1443893 0.1554362 0.1588370 0.1576504 1.0036353 0.1598383 0.1444983 0.1620042 0.1614987 0.1037831 0.1549685 0.1619971 0.1699829 -0.2371763 -0.2374788 -0.2350928 -0.2379376 -0.2427611 -0.2407564 -0.2409929 -0.2370211 -0.2388381 -0.2395017 -0.2381701 -0.2376408 -0.2349058 -0.2360268 -0.2352728 -0.2378089 -0.2352703 -0.2407843 -0.2432715 0.1404769 -0.0950951 0.1536429 0.1490450 -0.2332908 0.1421022 0.1376430 0.1659964 -0.2337137
0.1684063 0.1903367 0.1667357 -0.0996915 0.1415175 0.1702815 0.1683417 0.1543470 0.1599720 0.1772106 0.1543838 0.1481686 0.1552505 0.1736680 0.1522623 0.1597815 0.1337348 0.1481279 0.1618330 0.1879447 0.1642285 0.1485893 0.1518008 0.1516416 0.1479457 0.1600467 0.1622335 0.1625975 0.1598383 1.0308436 0.1482050 0.1672490 0.1687782 0.1095711 0.1586287 0.1677082 0.1757299 -0.2445339 -0.2448637 -0.2426123 -0.2453250 -0.2502689 -0.2487080 -0.2482111 -0.2441678 -0.2460369 -0.2455105 -0.2450809 -0.2427252 -0.2408776 -0.2439067 -0.2430613 -0.2466845 -0.2443329 -0.2486889 -0.2506724 0.1431865 -0.0988402 0.1576451 0.1536862 -0.2423971 0.1453956 0.1416939 0.1706005 -0.2392519
0.1520916 0.1663490 0.1498290 -0.0892622 0.1295235 0.1515333 0.1503161 0.1414365 0.1451251 0.1582925 0.1383361 0.1358083 0.1424324 0.1538639 0.1396157 0.1450126 0.1222510 0.1353007 0.1467357 0.1651617 0.1472334 0.1348065 0.1384102 0.1384840 0.1345925 0.1440413 0.1466660 0.1453592 0.1444983 0.1482050 0.9921812 0.1490864 0.1502662 0.0932299 0.1430569 0.1492205 0.1578856 -0.2227129 -0.2223839 -0.2199690 -0.2235181 -0.2275224 -0.2248584 -0.2249800 -0.2230422 -0.2236693 -0.2247657 -0.2231978 -0.2226079 -0.2199149 -0.2211303 -0.2205951 -0.2220103 -0.2189741 -0.2248687 -0.2270898 0.1323221 -0.0882186 0.1431958 0.1399775 -0.2172438 0.1326761 0.1296567 0.1526647 -0.2186195
0.1704864 0.1956297 0.1679847 -0.1007694 0.1431369 0.1732455 0.1707344 0.1566600 0.1620818 0.1790902 0.1570749 0.1495134 0.1579290 0.1768881 0.1544946 0.1620966 0.1345882 0.1488865 0.1638421 0.1923895 0.1642383 0.1497261 0.1546417 0.1533396 0.1493818 0.1627447 0.1667482 0.1653247 0.1620042 0.1672490 0.1490864 1.0339549 0.1685786 0.1124607 0.1608324 0.1696864 0.1775716 -0.2469143 -0.2478082 -0.2451601 -0.2477791 -0.2532774 -0.2516656 -0.2501883 -0.2476340 -0.2485167 -0.2481605 -0.2483981 -0.2462628 -0.2446343 -0.2459984 -0.2454106 -0.2486144 -0.2469287 -0.2514858 -0.2538551 0.1462909 -0.0999018 0.1606710 0.1556651 -0.2452992 0.1475735 0.1421130 0.1730507 -0.2417389
0.1735091 0.1980865 0.1717949 -0.1022922 0.1438557 0.1751834 0.1729815 0.1566871 0.1627561 0.1816837 0.1564794 0.1507626 0.1590354 0.1787714 0.1556298 0.1629014 0.1355600 0.1510090 0.1652441 0.1938888 0.1662806 0.1496123 0.1534884 0.1540938 0.1522448 0.1631730 0.1658607 0.1666834 0.1614987 0.1687782 0.1502662 0.1685786 1.0429382 0.1129031 0.1617307 0.1718080 0.1814770 -0.2490485 -0.2505121 -0.2467272 -0.2499761 -0.2541949 -0.2541961 -0.2529738 -0.2492235 -0.2505835 -0.2505740 -0.2499645 -0.2463862 -0.2459724 -0.2478495 -0.2480237 -0.2512618 -0.2506063 -0.2537333 -0.2559009 0.1457097 -0.1016563 0.1606153 0.1560871 -0.2486020 0.1478376 0.1434124 0.1747814 -0.2442981
0.1152256 0.1507841 0.1147773 -0.0560200 0.0892175 0.1176107 0.1158769 0.0993094 0.1060581 0.1278882 0.0996387 0.0939879 0.1014775 0.1249192 0.0987800 0.1057657 0.0806329 0.0931142 0.1067518 0.1449397 0.1078473 0.0933758 0.0977918 0.0968046 0.0955076 0.1067582 0.1109692 0.1070901 0.1037831 0.1095711 0.0932299 0.1124607 0.1129031 1.0994129 0.1021474 0.1144065 0.1238969 -0.1698111 -0.1719257 -0.1718104 -0.1690688 -0.1768127 -0.1793598 -0.1743832 -0.1713504 -0.1690965 -0.1661270 -0.1688447 -0.1626573 -0.1661811 -0.1698446 -0.1696580 -0.1762548 -0.1794811 -0.1760226 -0.1780651 0.0894319 -0.0560436 0.1028508 0.0985486 -0.1784617 0.0925218 0.0884707 0.1193167 -0.1590563
0.1614421 0.1812613 0.1594712 -0.0969660 0.1385528 0.1637411 0.1621736 0.1498616 0.1548579 0.1689701 0.1478584 0.1443143 0.1506532 0.1668507 0.1485027 0.1547545 0.1298331 0.1438476 0.1559273 0.1805332 0.1571493 0.1441988 0.1474254 0.1475413 0.1437244 0.1560533 0.1570322 0.1560535 0.1549685 0.1586287 0.1430569 0.1608324 0.1617307 0.1021474 1.0110104 0.1611170 0.1678340 -0.2361749 -0.2368125 -0.2344130 -0.2382082 -0.2418866 -0.2404735 -0.2394652 -0.2367318 -0.2382801 -0.2386348 -0.2370542 -0.2367769 -0.2333329 -0.2350124 -0.2345154 -0.2368451 -0.2342066 -0.2402611 -0.2426493 0.1400423 -0.0946736 0.1520760 0.1486564 -0.2324998 0.1400906 0.1370138 0.1645571 -0.2326280
0.1702355 0.1955003 0.1694287 -0.1011192 0.1435916 0.1735268 0.1700467 0.1553963 0.1611971 0.1775517 0.1547220 0.1487434 0.1580155 0.1777875 0.1545914 0.1621832 0.1338998 0.1493152 0.1644447 0.1928892 0.1664413 0.1498259 0.1546111 0.1540162 0.1504715 0.1653031 0.1666362 0.1644334 0.1619971 0.1677082 0.1492205 0.1696864 0.1718080 0.1144065 0.1611170 1.0477026 0.1812305 -0.2474100 -0.2495967 -0.2466632 -0.2489635 -0.2546769 -0.2538058 -0.2520619 -0.2481032 -0.2493816 -0.2496200 -0.2486121 -0.2458315 -0.2452450 -0.2469325 -0.2459555 -0.2498705 -0.2490003 -0.2526482 -0.2546362 0.1458960 -0.1001665 0.1594934 0.1540093 -0.2471070 0.1466798 0.1428874 0.1739181 -0.2424713
0.1829910 0.2110051 0.1809058 -0.1072325 0.1499674 0.1849645 0.1803353 0.1652197 0.1706981 0.1953288 0.1648119 0.1579306 0.1658068 0.1896520 0.1627647 0.1721791 0.1391010 0.1573060 0.1737278 0.2068273 0.1756951 0.1552989 0.1597171 0.1608032 0.1579359 0.1697721 0.1750365 0.1740075 0.1699829 0.1757299 0.1578856 0.1775716 0.1814770 0.1238969 0.1678340 0.1812305 1.0669116 -0.2607363 -0.2617106 -0.2593424 -0.2608222 -0.2665868 -0.2669944 -0.2646522 -0.2607189 -0.2606167 -0.2614802 -0.2605667 -0.2571227 -0.2571546 -0.2598296 -0.2589719 -0.2632337 -0.2637260 -0.2651853 -0.2681777 0.1518418 -0.1068663 0.1679828 0.1627193 -0.2620898 0.1546246 0.1485395 0.1846625 -0.2544505
-0.2532772 -0.2798061 -0.2490755 0.1257306 -0.2145688 -0.2531215 -0.2500393 -0.2343308 -0.2412271 -0.2658702 -0.2312098 -0.2242994 -0.2341340 -0.2589270 -0.2295640 -0.2397168 -0.2029719 -0.2228832 -0.2414411 -0.2775014 -0.2431283 -0.2227433 -0.2286743 -0.2278126 -0.2233370 -0.2392252 -0.2442704 -0.2432662 -0.2371763 -0.2445339 -0.2227129 -0.2469143 -0.2490485 -0.1698111 -0.2361749 -0.2474100 -0.2607363 1.3749796 0.3630821 0.3596320 0.3656082 0.3682204 0.3671778 0.3664014 0.3598286 0.3628438 0.3640580 0.3620287 0.3606664 0.3523616 0.3551193 0.3542031 0.3584883 0.3582517 0.3651188 0.3696574 -0.2167867 0.1267819 -0.2375294 -0.2306602 0.3543378 -0.2192390 -0.2146231 -0.2552626 0.3489010
-0.2548666 -0.2829991 -0.2504023 0.1266944 -0.2144044 -0.2547158 -0.2518478 -0.2344737 -0.2420021 -0.2669001 -0.2321348 -0.2244544 -0.2353771 -0.2612022 -0.2303627 -0.2404980 -0.2020492 -0.2222918 -0.2421863 -0.2804445 -0.2438522 -0.2221664 -0.2282307 -0.2284271 -0.2240790 -0.2400746 -0.2449099 -0.2431143 -0.2374788 -0.2448637 -0.2223839 -0.2478082 -0.2505121 -0.1719257 -0.2368125 -0.2495967 -0.2617106 0.3630821 1.3732766 0.3583969 0.3634698 0.3691857 0.3687039 0.3674764 0.3609641 0.3611073 0.3635449 0.3618383 0.3606602 0.3529661 0.3532415 0.3538802 0.3599932 0.3601077 0.3659639 0.3701981 -0.2166387 0.1282990 -0.2376162 -0.2304928 0.3563948 -0.2186466 -0.2137352 -0.2564010 0.3476022
-0.2511773 -0.2805206 -0.2473321 0.1259546 -0.2114656 -0.2511331 -0.2483893 -0.2313717 -0.2390914 -0.2641167 -0.2290961 -0.2218262 -0.2320397 -0.2585365 -0.2274505 -0.2380036 -0.1995225 -0.2198464 -0.2396118 -0.2774777 -0.2406400 -0.2194643 -0.2258663 -0.2257237 -0.2212413 -0.2372739 -0.2433909 -0.2403156 -0.2350928 -0.2426123 -0.2199690 -0.2451601 -0.2467272 -0.1718104 -0.2344130 -0.2466632 -0.2593424 0.3596320 0.3583969 1.3353710 0.3611661 0.3660652 0.3652540 0.3635215 0.3580986 0.3606932 0.3607328 0.3600674 0.3570818 0.3494718 0.3509935 0.3516910 0.3565941 0.3561848 0.3641542 0.3678689 -0.2137348 0.1265552 -0.2347355 -0.2285625 0.3533465 -0.2161769 -0.2111557 -0.2530926 0.3443782
-0.2535728 -0.2792051 -0.2490448 0.1247999 -0.2154340 -0.2536995 -0.2513849 -0.2348048 -0.2421867 -0.2653677 -0.2326881 -0.2252977 -0.2345851 -0.2592982 -0.2316321 -0.2410991 -0.2042112 -0.2242922 -0.2418967 -0.2770775 -0.2435986 -0.2241010 -0.2297462 -0.2290936 -0.2242801 -0.2409802 -0.2454119 -0.2428690 -0.2379376 -0.2453250 -0.2235181 -0.2477791 -0.2499761 -0.1690688 -0.2382082 -0.2489635 -0.2608222 0.3656082 0.3634698 0.3611661 1.3900073 0.3701066 0.3672819 0.3669929 0.3638821 0.3642886 0.3667244 0.3637015 0.3640520 0.3529152 0.3553784 0.3533427 0.3589259 0.3579312 0.3688162 0.3717302 -0.2180291 0.1250256 -0.2380205 -0.2323774 0.3536794 -0.2208466 -0.2146765 -0.2554498 0.3488075
-0.2585059 -0.2875957 -0.2541308 0.1285132 -0.2191629 -0.2594462 -0.2564485 -0.2385401 -0.2461489 -0.2709227 -0.2362543 -0.2285159 -0.2393052 -0.2655973 -0.2353549 -0.2450407 -0.2061632 -0.2271121 -0.2478604 -0.2849031 -0.2485553 -0.2267865 -0.2331867 -0.2334460 -0.2284811 -0.2454167 -0.2502995 -0.2481992 -0.2427611 -0.2502689 -0.2275224 -0.2532774 -0.2541949 -0.1768127 -0.2418866 -0.2546769 -0.2665868 0.3682204 0.3691857 0.3660652 0.3701066 1.4019010 0.3759141 0.3747459 0.3690206 0.3789671 0.3711190 0.3679991 0.3685881 0.3582906 0.3610625 0.3597571 0.3661624 0.3666838 0.3736290 0.3780721 -0.2216512 0.1279156 -0.2414936 -0.2365273 0.3633303 -0.2237521 -0.2186574 -0.2605025 0.3560379
-0.2586674 -0.2906222 -0.2538015 0.1346761 -0.2155127 -0.2587962 -0.2560925 -0.2366438 -0.2449932 -0.2731815 -0.2344388 -0.2265608 -0.2373362 -0.2659257 -0.2326849 -0.2437565 -0.2034483 -0.2242556 -0.2454962 -0.2870230 -0.2473200 -0.2244770 -0.2307332 -0.2312659 -0.2260832 -0.2437074 -0.2487300 -0.2467593 -0.2407564 -0.2487080 -0.2248584 -0.2516656 -0.2541961 -0.1793598 -0.2404735 -0.2538058 -0.2669944 0.3671778 0.3687039 0.3652540 0.3672819 0.3759141 1.3574309 0.3724717 0.3667195 0.3666485 0.3668828 0.3667212 0.3617095 0.3582623 0.3609289 0.3610156 0.3690849 0.3683834 0.3731948 0.3770552 -0.2180634 0.1323441 -0.2398722 -0.2338228 0.3656968 -0.2207717 -0.2153659 -0.2615135 0.3525809
-0.2559414 -0.2856888 -0.2524406 0.1295757 -0.2166780 -0.2567908 -0.2535850 -0.2372896 -0.2435825 -0.2696954 -0.2338476 -0.2265760 -0.2373609 -0.2634974 -0.2327374 -0.2423187 -0.2042425 -0.2249693 -0.2455085 -0.2836928 -0.2467290 -0.2247793 -0.2312119 -0.2310593 -0.2261615 -0.2429939 -0.2478298 -0.2458631 -0.2409929 -0.2482111 -0.2249800 -0.2501883 -0.2529738 -0.1743832 -0.2394652 -0.2520619 -0.2646522 0.3664014 0.3674764 0.3635215 0.3669929 0.3747459 0.3724717 1.3689928 0.3702232 0.3693504 0.3698102 0.3675588 0.3643174 0.3573997 0.3581993 0.3582937 0.3650138 0.3642282 0.3722530 0.3765215 -0.2192156 0.1296688 -0.2397507 -0.2334033 0.3608918 -0.2214251 -0.2165532 -0.2594857 0.3529322
-0.2534422 -0.2816887 -0.2491878 0.1271126 -0.2129188 -0.2526797 -0.2501875 -0.2339868 -0.2409787 -0.2657412 -0.2309673 -0.2235554 -0.2340560 -0.2584396 -0.2298360 -0.2394677 -0.2020802 -0.2224997 -0.2418248 -0.2784373 -0.2431220 -0.2217851 -0.2278768 -0.2280875 -0.2238158 -0.2400633 -0.2449336 -0.2420613 -0.2370211 -0.2441678 -0.2230422 -0.2476340 -0.2492235 -0.1713504 -0.2367318 -0.2481032 -0.2607189 0.3598286 0.3609641 0.3580986 0.3638821 0.3690206 0.3667195 0.3702232 1.3661935 0.3636238 0.3667229 0.3611140 0.3611999 0.3528136 0.3537763 0.3527531 0.3595509 0.3583176 0.3649352 0.3685949 -0.2164327 0.1263632 -0.2367494 -0.2300944 0.3549074 -0.2183462 -0.2136637 -0.2557250 0.3478343
-0.2550469 -0.2801608 -0.2492688 0.1258185 -0.2150732 -0.2537633 -0.2519304 -0.2352041 -0.2422261 -0.2657498 -0.2319686 -0.2250449 -0.2347235 -0.2595761 -0.2314404 -0.2412496 -0.2041876 -0.2239091 -0.2431261 -0.2785446 -0.2439006 -0.2232488 -0.2295059 -0.2301573 -0.2246945 -0.2412193 -0.2461343 -0.2435158 -0.2388381 -0.2460369 -0.2236693 -0.2485167 -0.2505835 -0.1690965 -0.2382801 -0.2493816 -0.2606167 0.3628438 0.3611073 0.3606932 0.3642886 0.3789671 0.3666485 0.3693504 0.3636238 1.3918214 0.3668801 0.3622815 0.3608041 0.3521934 0.3534949 0.3528073 0.3581457 0.3581448 0.3653737 0.3699539 -0.2179023 0.1268535 -0.2378470 -0.2326182 0.3552538 -0.2202902 -0.2150314 -0.2561073 0.3507112
-0.2533694 -0.2771293 -0.2493696 0.1253552 -0.2158499 -0.2536855 -0.2508686 -0.2357761 -0.2428822 -0.2644297 -0.2326064 -0.2257451 -0.2353906 -0.2591547 -0.2322989 -0.2409957 -0.2049230 -0.2254592 -0.2433307 -0.2760289 -0.2442700 -0.2244702 -0.2304521 -0.2305180 -0.2253104 -0.2413645 -0.2459264 -0.2435320 -0.2395017 -0.2455105 -0.2247657 -0.2481605 -0.2505740 -0.1661270 -0.2386348 -0.2496200 -0.2614802 0.3640580 0.3635449 0.3607328 0.3667244 0.3711190 0.3668828 0.3698102 0.3667229 0.3668801 1.4089200 0.3660983 0.3630010 0.3528690 0.3549976 0.3540332 0.3582573 0.3574559 0.3672739 0.3705118 -0.2194111 0.1255805 -0.2378498 -0.2319498 0.3538360 -0.2209568 -0.2162562 -0.2554732 0.3502446
-0.2533169 -0.2780717 -0.2498337 0.1249706 -0.2140842 -0.2534382 -0.2504540 -0.2342896 -0.2405662 -0.2640351 -0.2320680 -0.2244532 -0.2348921 -0.2591902 -0.2306790 -0.2401781 -0.2032795 -0.2238056 -0.2426509 -0.2766269 -0.2436500 -0.2230616 -0.2289968 -0.2289244 -0.2237654 -0.2399981 -0.2447510 -0.2429475 -0.2381701 -0.2450809 -0.2231978 -0.2483981 -0.2499645 -0.1688447 -0.2370542 -0.2486121 -0.2605667 0.3620287 0.3618383 0.3600674 0.3637015 0.3679991 0.3667212 0.3675588 0.3611140 0.3622815 0.3660983 1.3913497 0.3611618 0.3531326 0.3547018 0.3539582 0.3583523 0.3576788 0.3661279 0.3684968 -0.2174463 0.1248562 -0.2377249 -0.2303673 0.3544553 -0.2205125 -0.2149800 -0.2551713 0.3484993
-0.2501330 -0.2726188 -0.2462586 0.1207055 -0.2141438 -0.2504559 -0.2484191 -0.2327620 -0.2394296 -0.2611824 -0.2309407 -0.2245003 -0.2333774 -0.2559505 -0.2298317 -0.2389207 -0.2038556 -0.2222725 -0.2400125 -0.2701670 -0.2407435 -0.2236719 -0.2282937 -0.2279334 -0.2234940 -0.2388061 -0.2437257 -0.2414854 -0.2376408 -0.2427252 -0.2226079 -0.2462628 -0.2463862 -0.1626573 -0.2367769 -0.2458315 -0.2571227 0.3606664 0.3606602 0.3570818 0.3640520 0.3685881 0.3617095 0.3643174 0.3611999 0.3608041 0.3630010 0.3611618 1.4277924 0.3489735 0.3505304 0.3492895 0.3528118 0.3511778 0.3632231 0.3666821 -0.2177810 0.1224426 -0.2364503 -0.2302877 0.3485004 -0.2196565 -0.2144304 -0.2523387 0.3461840
-0.2498641 -0.2772685 -0.2463783 0.1275598 -0.2108805 -0.2501045 -0.2469887 -0.2317146 -0.2375067 -0.2617598 -0.2274362 -0.2206670 -0.2310202 -0.2558842 -0.2274693 -0.2368449 -0.1993272 -0.2198320 -0.2393689 -0.2751101 -0.2397696 -0.2193169 -0.2252949 -0.2257679 -0.2205264 -0.2367149 -0.2411496 -0.2396451 -0.2349058 -0.2408776 -0.2199149 -0.2446343 -0.2459724 -0.1661811 -0.2333329 -0.2452450 -0.2571546 0.3523616 0.3529661 0.3494718 0.3529152 0.3582906 0.3582623 0.3573997 0.3528136 0.3521934 0.3528690 0.3531326 0.3489735 1.3518353 0.3624823 0.3656084 0.3661697 0.3568324 0.3555598 0.3607965 -0.2142898 0.1271127 -0.2342850 -0.2275592 0.3541875 -0.2156760 -0.2115097 -0.2519173 0.3550717
-0.2522134 -0.2808712 -0.2478324 0.1272998 -0.2117277 -0.2522714 -0.2491888 -0.2324631 -0.2390988 -0.2644871 -0.2294103 -0.2228957 -0.2322267 -0.2578410 -0.2288036 -0.2394724 -0.2006659 -0.2210525 -0.2403997 -0.2774984 -0.2416741 -0.2202187 -0.2268555 -0.2266229 -0.2220058 -0.2380803 -0.2428520 -0.2412128 -0.2360268 -0.2439067 -0.2211303 -0.2459984 -0.2478495 -0.1698446 -0.2350124 -0.2469325 -0.2598296 0.3551193 0.3532415 0.3509935 0.3553784 0.3610625 0.3609289 0.3581993 0.3537763 0.3534949 0.3549976 0.3547018 0.3505304 0.3624823 1.3747183 0.3683597 0.3706265 0.3593069 0.3594482 0.3621260 -0.2150544 0.1272999 -0.2359192 -0.2293890 0.3565409 -0.2175489 -0.2121424 -0.2538046 0.3532796
-0.2505347 -0.2792276 -0.2478201 0.1281185 -0.2117900 -0.2517826 -0.2486874 -0.2318467 -0.2384919 -0.2642000 -0.2296154 -0.2220055 -0.2316855 -0.2577013 -0.2274175 -0.2377654 -0.2001915 -0.2206288 -0.2397534 -0.2774629 -0.2412509 -0.2200891 -0.2263445 -0.2261246 -0.2208609 -0.2371218 -0.2418472 -0.2409079 -0.2352728 -0.2430613 -0.2205951 -0.2454106 -0.2480237 -0.1696580 -0.2345154 -0.2459555 -0.2589719 0.3542031 0.3538802 0.3516910 0.3533427 0.3597571 0.3610156 0.3582937 0.3527531 0.3528073 0.3540332 0.3539582 0.3492895 0.3656084 0.3683597 1.3441230 0.3694202 0.3585486 0.3585244 0.3614258 -0.2146098 0.1278923 -0.2347371 -0.2284501 0.3557317 -0.2167178 -0.2114023 -0.2528187 0.3537346
-0.2555006 -0.2872853 -0.2502263 0.1328599 -0.2129592 -0.2559141 -0.2528308 -0.2344226 -0.2412446 -0.2686359 -0.2313796 -0.2234007 -0.2341267 -0.2624166 -0.2300813 -0.2410456 -0.2007907 -0.2223248 -0.2427270 -0.2837875 -0.2445812 -0.2214822 -0.2283796 -0.2279252 -0.2231116 -0.2406857 -0.2458918 -0.2435697 -0.2378089 -0.2466845 -0.2220103 -0.2486144 -0.2512618 -0.1762548 -0.2368451 -0.2498705 -0.2632337 0.3584883 0.3599932 0.3565941 0.3589259 0.3661624 0.3690849 0.3650138 0.3595509 0.3581457 0.3582573 0.3583523 0.3528118 0.3661697 0.3706265 0.3694202 1.3355188 0.3657114 0.3654321 0.3692945 -0.2156888 0.1321669 -0.2372685 -0.2303945 0.3623650 -0.2180257 -0.2128644 -0.2572148 0.3559353
-0.2554020 -0.2901442 -0.2504110 0.1345840 -0.2088442 -0.2555344 -0.2523709 -0.2323239 -0.2402280 -0.2704696 -0.2289811 -0.2207693 -0.2320606 -0.2633128 -0.2274079 -0.2396542 -0.1967028 -0.2188804 -0.2409794 -0.2866388 -0.2425250 -0.2174676 -0.2252702 -0.2257842 -0.2204221 -0.2389245 -0.2449749 -0.2417794 -0.2352703 -0.2443329 -0.2189741 -0.2469287 -0.2506063 -0.1794811 -0.2342066 -0.2490003 -0.2637260 0.3582517 0.3601077 0.3561848 0.3579312 0.3666838 0.3683834 0.3642282 0.3583176 0.3581448 0.3574559 0.3576788 0.3511778 0.3568324 0.3593069 0.3585486 0.3657114 1.3062913 0.3650943 0.3692598 -0.2112864 0.1348591 -0.2349238 -0.2284911 0.3668911 -0.2145903 -0.2091610 -0.2574224 0.3564667
-0.2576432 -0.2884676 -0.2524754 0.1305912 -0.2161344 -0.2584807 -0.2559644 -0.2368195 -0.2445123 -0.2698404 -0.2341954 -0.2261354 -0.2363818 -0.2648542 -0.2327078 -0.2435213 -0.2040751 -0.2248831 -0.2453489 -0.2841069 -0.2464156 -0.2249379 -0.2309960 -0.2309564 -0.2261172 -0.2435797 -0.2482252 -0.2458308 -0.2407843 -0.2486889 -0.2248687 -0.2514858 -0.2537333 -0.1760226 -0.2402611 -0.2526482 -0.2651853 0.3651188 0.3659639 0.3641542 0.3688162 0.3736290 0.3731948 0.3722530 0.3649352 0.3653737 0.3672739 0.3661279 0.3632231 0.3555598 0.3594482 0.3585244 0.3654321 0.3650943 1.3694066 0.3821723 -0.2186965 0.1305119 -0.2396410 -0.2330272 0.3621685 -0.2210389 -0.2158054 -0.2600109 0.3518354
-0.2597616 -0.2908533 -0.2554915 0.1312109 -0.2183183 -0.2600765 -0.2576092 -0.2389583 -0.2473030 -0.2741997 -0.2365726 -0.2288494 -0.2389054 -0.2672888 -0.2348168 -0.2458692 -0.2060004 -0.2271953 -0.2471554 -0.2876392 -0.2495254 -0.2270575 -0.2327944 -0.2336007 -0.2279427 -0.2453725 -0.2503999 -0.2484901 -0.2432715 -0.2506724 -0.2270898 -0.2538551 -0.2559009 -0.1780651 -0.2426493 -0.2546362 -0.2681777 0.3696574 0.3701981 0.3678689 0.3717302 0.3780721 0.3770552 0.3765215 0.3685949 0.3699539 0.3705118 0.3684968 0.3666821 0.3607965 0.3621260 0.3614258 0.3692945 0.3692598 0.3821723 1.3794461 -0.2207135 0.1314324 -0.2421289 -0.2362324 0.3656680 -0.2231136 -0.2180209 -0.2622241 0.3525706
0.1469493 0.1612923 0.1456450 -0.0859906 0.1269936 0.1487685 0.1463768 0.1375645 0.1415081 0.1519552 0.1365816 0.1321624 0.1389451 0.1506277 0.1359443 0.1404864 0.1206439 0.1314370 0.1429478 0.1599141 0.1434213 0.1318377 0.1353060 0.1353526 0.1326584 0.1411885 0.1439152 0.1435317 0.1404769 0.1431865 0.1323221 0.1462909 0.1457097 0.0894319 0.1400423 0.1458960 0.1518418 -0.2167867 -0.2166387 -0.2137348 -0.2180291 -0.2216512 -0.2180634 -0.2192156 -0.2164327 -0.2179023 -0.2194111 -0.2174463 -0.2177810 -0.2142898 -0.2150544 -0.2146098 -0.2156888 -0.2112864 -0.2186965 -0.2207135 0.9879141 -0.0848735 0.1398597 0.1357910 -0.2095713 0.1300816 0.1267980 0.1486557 -0.2134213
-0.1032878 -0.1184231 -0.1016387 0.1020477 -0.0841904 -0.1041117 -0.1004381 -0.0940596 -0.0968707 -0.1101770 -0.0931650 -0.0886523 -0.0934081 -0.1064874 -0.0914124 -0.0976608 -0.0791702 -0.0869866 -0.0970036 -0.1164432 -0.0971818 -0.0874166 -0.0897793 -0.0898828 -0.0886284 -0.0962173 -0.0992356 -0.0983358 -0.0950951 -0.0988402 -0.0882186 -0.0999018 -0.1016563 -0.0560436 -0.0946736 -0.1001665 -0.1068663 0.1267819 0.1282990 0.1265552 0.1250256 0.1279156 0.1323441 0.1296688 0.1263632 0.1268535 0.1255805 0.1248562 0.1224426 0.1271127 0.1272999 0.1278923 0.1321669 0.1348591 0.1305119 0.1314324 -0.0848735 1.1337534 -0.0939690 -0.0922354 0.1335392 -0.0855621 -0.0844711 -0.1033991 0.1237286
